camera_matrix:
- - 600.8936947147505
  - 0.0
  - 325.94864723850657
- - 0.0
  - 600.6666440230615
  - 248.64474096653655
- - 0.0
  - 0.0
  - 1.0
dist_coeff:
- - -0.043212112099171376
  - 1.321054017586432
  - 0.002122196273716736
  - -9.675533737204545e-05
  - -4.6535300373014445
